   13.235    13.616
   13.312    13.535
   13.320    13.613
   13.307    13.662
   13.379    13.725
   13.374    13.638
   13.273    13.648
   13.185    13.748
   13.218    13.719
   13.363    13.625
   13.257    13.791
   13.212    13.737
   13.233    13.646
   13.249    13.685
   13.285    13.616
   13.267    13.559
   13.270    13.624
   13.267    13.716
   13.200    13.792
   13.264    13.586
   13.110    13.603
   13.179    13.636
   13.213    13.696
   13.248    13.752
   13.235    13.601
   13.094    13.743
   13.151    13.841
   13.328    13.951
   13.176    13.826
   13.089    13.757
   13.334    13.888
   13.392    13.905
   13.241    13.648
   13.247    13.632
   12.975    13.522
   13.061    13.491
   12.918    13.511
   13.046    13.692
   13.267    13.868
   13.431    13.996
   13.252    13.794
   13.199    13.544
   13.331    13.812
   13.337    13.791
   13.317    13.730
   13.321    13.838
   13.424    13.914
   13.377    13.936
   13.350    13.868
   13.378    13.897
   13.454    13.865
   13.388    14.033
   13.403    13.957
   13.095    13.782
   13.264    13.802
   13.324    13.771
   13.240    14.088
   13.202    14.115
   13.308    13.863
   13.357    13.846
   13.376    14.043
   13.399    14.132
   13.327    14.041
   13.088    13.795
   13.266    13.931
   13.441    13.981
   13.337    14.194
   13.358    14.121
   13.448    14.005
   13.480    14.230
   13.435    14.276
   13.462    14.180
   13.503    14.157
   13.602    14.222
   13.570    14.282
   13.442    14.117
   13.513    14.157
   13.577    14.271
   13.731    14.184
   13.562    14.144
   13.464    14.231
   13.477    14.334
   13.455    14.335
   13.548    14.365
   13.438    14.366
   13.542    14.249
   13.748    14.257
   13.683    14.412
   13.484    14.683
   13.554    14.350
   13.513    14.298
   13.647    14.288
   13.648    14.372
   13.751    14.473
   13.567    14.338
   13.580    14.418
   13.569    14.613
   13.682    14.647
   13.639    14.471
   13.640    14.567
   13.722    14.543
   13.796    14.531
   13.713    14.449
   13.779    14.734
   13.850    14.663
   13.942    14.599
   13.846    14.670
   13.903    14.790
   13.935    14.509
   13.760    14.493
   13.794    14.645
   13.870    14.699
   13.925    14.619
   13.775    14.445
   13.664    14.388
   13.664    14.576
   13.713    14.368
   13.678    14.381
   13.732    14.559
   13.790    14.623
   13.812    14.566
   13.798    14.487
   13.919    14.635
   14.008    14.515
   13.893    14.473
   13.769    14.714
   13.955    14.542
   14.058    14.667
   14.008    14.751
   14.059    14.907
   14.089    14.949
   14.115    14.810
   14.049    14.721
   13.907    14.728
   14.207    14.812
   14.007    14.710
   14.188    14.867
   14.332    14.894
   14.148    14.910
   14.306    15.081
   14.524    15.091
   14.330    14.913
   14.018    14.738
   14.098    14.981
   14.256    14.949
   14.240    15.032
   14.420    15.195
   14.388    15.372
   14.559    15.422
   14.513    15.261
   14.382    15.276
   14.437    15.392
   14.619    15.585
   14.579    15.352
   14.522    15.416
   14.629    15.576
   14.882    15.491
   14.650    15.538
   14.627    15.543
   14.895    15.725
   14.661    15.606
