   13.602
   13.766
   13.752
   13.709
   13.725
   13.698
   13.610
   13.502
   13.503
   13.685
   13.623
   13.549
   13.466
   13.677
   13.471
   13.682
   13.713
   13.651
   13.712
   13.703
   13.687
   13.652
   13.736
   13.668
   13.592
   13.577
   13.591
   13.895
   14.017
   13.741
   13.742
   13.772
   13.758
   13.676
   13.564
   13.584
   13.605
   13.555
   13.667
   13.802
   13.557
   13.647
   13.512
   13.488
   13.568
   13.582
   13.794
   13.772
   13.575
   13.692
   13.784
   13.731
   13.574
   13.500
   13.456
   13.599
   13.700
   13.507
   13.469
   13.458
   13.489
   13.441
   13.530
   13.546
   13.727
   13.833
   13.588
   13.494
   13.630
   13.668
   13.714
   13.801
   13.679
   13.701
   13.689
   13.772
   13.879
   13.775
   13.775
   13.626
   13.859
   13.909
   13.849
   13.706
   13.858
   13.807
   13.840
   13.963
   13.983
   13.953
   13.986
   13.999
   13.964
   14.002
   14.132
   13.999
   13.928
   13.944
   13.954
   13.905
   13.797
   13.941
   14.005
   14.091
   13.859
   13.806
   13.708
   13.969
   14.031
   13.998
   13.936
   14.015
   13.998
   14.036
   13.759
   13.832
   13.916
   13.915
   13.866
   13.996
   13.944
   13.787
   13.892
   14.031
   13.754
   13.827
   13.724
   14.020
   13.913
   14.028
   14.065
   14.119
   13.981
   14.165
   13.954
   13.938
   14.016
   14.163
   14.176
   14.096
   14.281
   14.234
   14.074
   14.119
   14.190
   14.310
   14.154
   14.369
   14.521
   14.289
   14.280
   14.427
   14.479
   14.493
   14.432
   14.534
   14.491
   14.479
   14.378
   14.485
   14.544
   14.408
   14.458
   14.506
   14.573
   14.756
   14.788
   14.671
   14.581
-1000000015047466219876688855040.000
